{
 "cells": [
  {
   "cell_type": "code",
   "execution_count": null,
   "id": "966524a4-2d6e-41fc-a80f-ce1bd10a37d1",
   "metadata": {},
   "outputs": [],
   "source": [
    "from active_set import quadratic_problem\n",
    "import numpy as np\n",
    "from scipy import linalg"
   ]
  },
  {
   "cell_type": "markdown",
   "id": "d3543e5a-0bbb-416d-a5f6-e78400b34112",
   "metadata": {},
   "source": [
    "## Performance"
   ]
  },
  {
   "cell_type": "markdown",
   "id": "b0bfd8aa-5717-40df-992e-bc033ed3146b",
   "metadata": {
    "tags": []
   },
   "source": [
    "### Testing Solver"
   ]
  },
  {
   "cell_type": "code",
   "execution_count": null,
   "id": "960f410a-78a6-49d8-8812-f7bc5ecad301",
   "metadata": {},
   "outputs": [],
   "source": [
    "qp = None # loggers keep stacking (workaround)"
   ]
  },
  {
   "cell_type": "code",
   "execution_count": null,
   "id": "3af66de4-437c-4831-9fb0-1948ce837be9",
   "metadata": {
    "tags": []
   },
   "outputs": [
    {
     "name": "stdout",
     "output_type": "stream",
     "text": [
      "Class created with success and started the logger\n",
      "Successfully set the initial active set:\n",
      "B:\n",
      "[False False  True  True False  True  True False False False]\n",
      "N:\n",
      "[ True  True False False  True False False  True  True  True]\n",
      "the generated solutions from the B and N sets are:\n",
      "x:\n",
      "[-0.00000000e+00 -0.00000000e+00 -8.43027176e-06  4.46890632e-05\n",
      " -0.00000000e+00 -4.70499200e-05 -3.76387498e-05 -0.00000000e+00\n",
      " -0.00000000e+00 -0.00000000e+00]\n",
      "y:\n",
      "[-3.56805126e-05  3.68312642e-05 -3.53445001e-05  1.00042659e-05\n",
      " -3.88036834e-05  3.43055385e-05  2.95917883e-05  5.82891325e-06\n",
      " -1.05389139e-05 -4.39044958e-05  1.89305456e-05 -5.16269894e-06\n",
      "  2.14706096e-05  3.62736265e-05  4.75930795e-05]\n",
      "z:\n",
      "[ 0.27979468 -0.2226474  -0.         -0.         -0.02297627 -0.\n",
      " -0.         -0.16737723  0.45282691 -0.2683908 ]\n",
      "the new constrains vectors are:\n",
      "q:\n",
      "[0.00000000e+00 0.00000000e+00 8.43027176e-06 0.00000000e+00\n",
      " 0.00000000e+00 4.70499200e-05 3.76387498e-05 0.00000000e+00\n",
      " 0.00000000e+00 0.00000000e+00]\n",
      "r:\n",
      "[0.         0.2226474  0.         0.         0.02297627 0.\n",
      " 0.         0.16737723 0.         0.2683908 ]\n",
      "Ax + My - b: [ 5.55111512e-17  0.00000000e+00  0.00000000e+00  0.00000000e+00\n",
      " -5.55111512e-17  0.00000000e+00  0.00000000e+00  0.00000000e+00\n",
      " -1.38777878e-17 -1.11022302e-16 -8.32667268e-17  1.38777878e-17\n",
      "  0.00000000e+00  0.00000000e+00  0.00000000e+00]\n",
      "H[bb]x[b]: + H[bn]x[n]:\n",
      " + c[b] - A[b].Ty - z[b]: [ 2.85280697e-18  6.48166552e-17 -9.76459582e-17 -3.15502832e-17]\n",
      "H[bn].Tx + H[nn]x + c[n] + A[n].Ty - z[n]: [0. 0. 0. 0. 0. 0.]\n",
      "z[b] + r[b]: [0. 0. 0. 0.]\n",
      "x[n] + q[n]: [0. 0. 0. 0. 0. 0.]\n",
      "x[b] + q[b] >= 0: [ True  True  True  True]\n",
      "The current set of variables is feasible for a Primal algorithm\n",
      "--------------------\n",
      "Starting the resolution of the Primal Problem of the Active Sets\n",
      "The indexes that violate the constrains are: [1 4 7 9]\n",
      "--------------------\n",
      "Base iteration of the Primal Problem, with the index: [1]\n",
      "Hbb:\n",
      "[[10121.30029044    99.72720245    81.09598619    44.95522087]\n",
      " [   99.72720245 10012.91255563    92.00374993   165.85554154]\n",
      " [   81.09598619    92.00374993 10129.56102302   115.39580018]\n",
      " [   44.95522087   165.85554154   115.39580018 10045.94317509]]\n",
      "Ab:\n",
      "[[ 0.10276338  0.04488318  0.14589411 -0.06241279]\n",
      " [ 0.06804456  0.42559664 -0.4128707  -0.4797816 ]\n",
      " [-0.03852064  0.28052918  0.13992102 -0.35664671]\n",
      " [-0.04384967  0.06843395  0.1176355   0.11209572]\n",
      " [ 0.1976312  -0.43977453  0.17063787 -0.28961744]\n",
      " [ 0.48837384 -0.39795519 -0.33869048  0.15310833]\n",
      " [ 0.15632959 -0.36181705 -0.13127483  0.32099323]\n",
      " [ 0.47676109  0.10484552 -0.46081221 -0.21719304]\n",
      " [-0.4358525   0.19247212 -0.23461051  0.02324805]\n",
      " [-0.36820214  0.2163272  -0.31680864  0.08651293]\n",
      " [ 0.23519402  0.46218855  0.07615733  0.09204193]\n",
      " [ 0.19947928 -0.20256305 -0.10349426  0.3811032 ]\n",
      " [ 0.45608363  0.1439902   0.10639321 -0.4808068 ]\n",
      " [-0.36452594 -0.20171767  0.09087276  0.07432525]\n",
      " [-0.06413507  0.39192336  0.20388858 -0.39977311]]\n",
      "M:\n",
      "[[10196.63191159   135.0812182    106.24205237    93.87364575\n",
      "    169.46627242    98.45845014   136.27687407   152.84269668\n",
      "    101.03282976    39.32008139    68.37473964   139.85943941\n",
      "     75.23522115   105.46231199   129.55786954]\n",
      " [  135.0812182  10032.88545964    97.84000574    35.06452157\n",
      "     80.2765519     29.97445791    86.37218427   135.60124708\n",
      "    136.44942365   142.090393     192.87424513   165.7403683\n",
      "    105.25714316   106.75132648    83.25721469]\n",
      " [  106.24205237    97.84000574 10014.18464315    80.76350581\n",
      "     41.68384999   123.66981334    58.08340652   106.12714022\n",
      "     46.98790236    76.39107174    34.00444116   137.40277991\n",
      "     64.07964029   152.2015638    165.03157176]\n",
      " [   93.87364575    35.06452157    80.76350581 10063.70640864\n",
      "     88.01583748    99.96087689   162.25951307   130.26164965\n",
      "     32.65673201    65.45790082    99.48196218    87.47213225\n",
      "     81.48329202   159.82452949   177.82460335]\n",
      " [  169.46627242    80.2765519     41.68384999    88.01583748\n",
      "  10058.44829063    94.73044444    92.56477379   131.51005781\n",
      "     25.79344404   104.49920861    39.72794144    79.17534758\n",
      "    121.52913284   155.2517972    154.35333095]\n",
      " [   98.45845014    29.97445791   123.66981334    99.96087689\n",
      "     94.73044444 10141.19092477   102.19298112   107.93099076\n",
      "     82.85016485   124.0465101     46.35066152   129.87044802\n",
      "     84.72749558   124.66506438   119.65787768]\n",
      " [  136.27687407    86.37218427    58.08340652   162.25951307\n",
      "     92.56477379   102.19298112 10071.5024038    161.9453311\n",
      "    159.84531704    40.07347549    86.6528026    166.25005993\n",
      "    138.0550377    121.25773707   123.14592696]\n",
      " [  152.84269668   135.60124708   106.12714022   130.26164965\n",
      "    131.51005781   107.93099076   161.9453311  10037.78222824\n",
      "     77.16671562    43.05230519    34.87393858   145.47214736\n",
      "     67.19609193   187.17619083    97.45144538]\n",
      " [  101.03282976   136.44942365    46.98790236    32.65673201\n",
      "     25.79344404    82.85016485   159.84531704    77.16671562\n",
      "  10193.69800675   100.58798224   115.61824807   133.89280283\n",
      "    101.05094821   164.9225893     47.28217401]\n",
      " [   39.32008139   142.090393      76.39107174    65.45790082\n",
      "    104.49920861   124.0465101     40.07347549    43.05230519\n",
      "    100.58798224 10127.00631667   151.86174649   192.89286578\n",
      "     66.75086662    63.62015794   121.47335627]\n",
      " [   68.37473964   192.87424513    34.00444116    99.48196218\n",
      "     39.72794144    46.35066152    86.6528026     34.87393858\n",
      "    115.61824807   151.86174649 10089.24802471    89.48144046\n",
      "     49.64946713    82.27963546    72.40443954]\n",
      " [  139.85943941   165.7403683    137.40277991    87.47213225\n",
      "     79.17534758   129.87044802   166.25005993   145.47214736\n",
      "    133.89280283   192.89286578    89.48144046 10205.69514625\n",
      "     73.42067173    45.35394411   145.67047279]\n",
      " [   75.23522115   105.25714316    64.07964029    81.48329202\n",
      "    121.52913284    84.72749558   138.0550377     67.19609193\n",
      "    101.05094821    66.75086662    49.64946713    73.42067173\n",
      "  10064.79881534   103.67729288    67.36543855]\n",
      " [  105.46231199   106.75132648   152.2015638    159.82452949\n",
      "    155.2517972    124.66506438   121.25773707   187.17619083\n",
      "    164.9225893     63.62015794    82.27963546    45.35394411\n",
      "    103.67729288 10090.16475305    43.08232618]\n",
      " [  129.55786954    83.25721469   165.03157176   177.82460335\n",
      "    154.35333095   119.65787768   123.14592696    97.45144538\n",
      "     47.28217401   121.47335627    72.40443954   145.67047279\n",
      "     67.36543855    43.08232618 10106.18307889]]\n",
      "K_I:\n",
      "[[ 1.01213003e+04  9.97272025e+01  8.10959862e+01  4.49552209e+01\n",
      "   1.02763376e-01  6.80445611e-02 -3.85206377e-02 -4.38496678e-02\n",
      "   1.97631196e-01  4.88373838e-01  1.56329589e-01  4.76761088e-01\n",
      "  -4.35852504e-01 -3.68202138e-01  2.35194022e-01  1.99479275e-01\n",
      "   4.56083635e-01 -3.64525936e-01 -6.41350747e-02]\n",
      " [ 9.97272025e+01  1.00129126e+04  9.20037499e+01  1.65855542e+02\n",
      "   4.48831830e-02  4.25596638e-01  2.80529176e-01  6.84339489e-02\n",
      "  -4.39774528e-01 -3.97955189e-01 -3.61817049e-01  1.04845520e-01\n",
      "   1.92472119e-01  2.16327204e-01  4.62188545e-01 -2.02563049e-01\n",
      "   1.43990199e-01 -2.01717674e-01  3.91923355e-01]\n",
      " [ 8.10959862e+01  9.20037499e+01  1.01295610e+04  1.15395800e+02\n",
      "   1.45894113e-01 -4.12870700e-01  1.39921021e-01  1.17635497e-01\n",
      "   1.70637870e-01 -3.38690482e-01 -1.31274829e-01 -4.60812208e-01\n",
      "  -2.34610509e-01 -3.16808638e-01  7.61573344e-02 -1.03494259e-01\n",
      "   1.06393214e-01  9.08727612e-02  2.03888584e-01]\n",
      " [ 4.49552209e+01  1.65855542e+02  1.15395800e+02  1.00459432e+04\n",
      "  -6.24127887e-02 -4.79781603e-01 -3.56646713e-01  1.12095723e-01\n",
      "  -2.89617439e-01  1.53108325e-01  3.20993230e-01 -2.17193037e-01\n",
      "   2.32480535e-02  8.65129348e-02  9.20419313e-02  3.81103197e-01\n",
      "  -4.80806802e-01  7.43252488e-02 -3.99773113e-01]\n",
      " [ 1.02763376e-01  4.48831830e-02  1.45894113e-01 -6.24127887e-02\n",
      "  -1.01966319e+04 -1.35081218e+02 -1.06242052e+02 -9.38736457e+01\n",
      "  -1.69466272e+02 -9.84584501e+01 -1.36276874e+02 -1.52842697e+02\n",
      "  -1.01032830e+02 -3.93200814e+01 -6.83747396e+01 -1.39859439e+02\n",
      "  -7.52352212e+01 -1.05462312e+02 -1.29557870e+02]\n",
      " [ 6.80445611e-02  4.25596638e-01 -4.12870700e-01 -4.79781603e-01\n",
      "  -1.35081218e+02 -1.00328855e+04 -9.78400057e+01 -3.50645216e+01\n",
      "  -8.02765519e+01 -2.99744579e+01 -8.63721843e+01 -1.35601247e+02\n",
      "  -1.36449424e+02 -1.42090393e+02 -1.92874245e+02 -1.65740368e+02\n",
      "  -1.05257143e+02 -1.06751326e+02 -8.32572147e+01]\n",
      " [-3.85206377e-02  2.80529176e-01  1.39921021e-01 -3.56646713e-01\n",
      "  -1.06242052e+02 -9.78400057e+01 -1.00141846e+04 -8.07635058e+01\n",
      "  -4.16838500e+01 -1.23669813e+02 -5.80834065e+01 -1.06127140e+02\n",
      "  -4.69879024e+01 -7.63910717e+01 -3.40044412e+01 -1.37402780e+02\n",
      "  -6.40796403e+01 -1.52201564e+02 -1.65031572e+02]\n",
      " [-4.38496678e-02  6.84339489e-02  1.17635497e-01  1.12095723e-01\n",
      "  -9.38736457e+01 -3.50645216e+01 -8.07635058e+01 -1.00637064e+04\n",
      "  -8.80158375e+01 -9.99608769e+01 -1.62259513e+02 -1.30261650e+02\n",
      "  -3.26567320e+01 -6.54579008e+01 -9.94819622e+01 -8.74721323e+01\n",
      "  -8.14832920e+01 -1.59824529e+02 -1.77824603e+02]\n",
      " [ 1.97631196e-01 -4.39774528e-01  1.70637870e-01 -2.89617439e-01\n",
      "  -1.69466272e+02 -8.02765519e+01 -4.16838500e+01 -8.80158375e+01\n",
      "  -1.00584483e+04 -9.47304444e+01 -9.25647738e+01 -1.31510058e+02\n",
      "  -2.57934440e+01 -1.04499209e+02 -3.97279414e+01 -7.91753476e+01\n",
      "  -1.21529133e+02 -1.55251797e+02 -1.54353331e+02]\n",
      " [ 4.88373838e-01 -3.97955189e-01 -3.38690482e-01  1.53108325e-01\n",
      "  -9.84584501e+01 -2.99744579e+01 -1.23669813e+02 -9.99608769e+01\n",
      "  -9.47304444e+01 -1.01411909e+04 -1.02192981e+02 -1.07930991e+02\n",
      "  -8.28501649e+01 -1.24046510e+02 -4.63506615e+01 -1.29870448e+02\n",
      "  -8.47274956e+01 -1.24665064e+02 -1.19657878e+02]\n",
      " [ 1.56329589e-01 -3.61817049e-01 -1.31274829e-01  3.20993230e-01\n",
      "  -1.36276874e+02 -8.63721843e+01 -5.80834065e+01 -1.62259513e+02\n",
      "  -9.25647738e+01 -1.02192981e+02 -1.00715024e+04 -1.61945331e+02\n",
      "  -1.59845317e+02 -4.00734755e+01 -8.66528026e+01 -1.66250060e+02\n",
      "  -1.38055038e+02 -1.21257737e+02 -1.23145927e+02]\n",
      " [ 4.76761088e-01  1.04845520e-01 -4.60812208e-01 -2.17193037e-01\n",
      "  -1.52842697e+02 -1.35601247e+02 -1.06127140e+02 -1.30261650e+02\n",
      "  -1.31510058e+02 -1.07930991e+02 -1.61945331e+02 -1.00377822e+04\n",
      "  -7.71667156e+01 -4.30523052e+01 -3.48739386e+01 -1.45472147e+02\n",
      "  -6.71960919e+01 -1.87176191e+02 -9.74514454e+01]\n",
      " [-4.35852504e-01  1.92472119e-01 -2.34610509e-01  2.32480535e-02\n",
      "  -1.01032830e+02 -1.36449424e+02 -4.69879024e+01 -3.26567320e+01\n",
      "  -2.57934440e+01 -8.28501649e+01 -1.59845317e+02 -7.71667156e+01\n",
      "  -1.01936980e+04 -1.00587982e+02 -1.15618248e+02 -1.33892803e+02\n",
      "  -1.01050948e+02 -1.64922589e+02 -4.72821740e+01]\n",
      " [-3.68202138e-01  2.16327204e-01 -3.16808638e-01  8.65129348e-02\n",
      "  -3.93200814e+01 -1.42090393e+02 -7.63910717e+01 -6.54579008e+01\n",
      "  -1.04499209e+02 -1.24046510e+02 -4.00734755e+01 -4.30523052e+01\n",
      "  -1.00587982e+02 -1.01270063e+04 -1.51861746e+02 -1.92892866e+02\n",
      "  -6.67508666e+01 -6.36201579e+01 -1.21473356e+02]\n",
      " [ 2.35194022e-01  4.62188545e-01  7.61573344e-02  9.20419313e-02\n",
      "  -6.83747396e+01 -1.92874245e+02 -3.40044412e+01 -9.94819622e+01\n",
      "  -3.97279414e+01 -4.63506615e+01 -8.66528026e+01 -3.48739386e+01\n",
      "  -1.15618248e+02 -1.51861746e+02 -1.00892480e+04 -8.94814405e+01\n",
      "  -4.96494671e+01 -8.22796355e+01 -7.24044395e+01]\n",
      " [ 1.99479275e-01 -2.02563049e-01 -1.03494259e-01  3.81103197e-01\n",
      "  -1.39859439e+02 -1.65740368e+02 -1.37402780e+02 -8.74721323e+01\n",
      "  -7.91753476e+01 -1.29870448e+02 -1.66250060e+02 -1.45472147e+02\n",
      "  -1.33892803e+02 -1.92892866e+02 -8.94814405e+01 -1.02056951e+04\n",
      "  -7.34206717e+01 -4.53539441e+01 -1.45670473e+02]\n",
      " [ 4.56083635e-01  1.43990199e-01  1.06393214e-01 -4.80806802e-01\n",
      "  -7.52352212e+01 -1.05257143e+02 -6.40796403e+01 -8.14832920e+01\n",
      "  -1.21529133e+02 -8.47274956e+01 -1.38055038e+02 -6.71960919e+01\n",
      "  -1.01050948e+02 -6.67508666e+01 -4.96494671e+01 -7.34206717e+01\n",
      "  -1.00647988e+04 -1.03677293e+02 -6.73654386e+01]\n",
      " [-3.64525936e-01 -2.01717674e-01  9.08727612e-02  7.43252488e-02\n",
      "  -1.05462312e+02 -1.06751326e+02 -1.52201564e+02 -1.59824529e+02\n",
      "  -1.55251797e+02 -1.24665064e+02 -1.21257737e+02 -1.87176191e+02\n",
      "  -1.64922589e+02 -6.36201579e+01 -8.22796355e+01 -4.53539441e+01\n",
      "  -1.03677293e+02 -1.00901648e+04 -4.30823262e+01]\n",
      " [-6.41350747e-02  3.91923355e-01  2.03888584e-01 -3.99773113e-01\n",
      "  -1.29557870e+02 -8.32572147e+01 -1.65031572e+02 -1.77824603e+02\n",
      "  -1.54353331e+02 -1.19657878e+02 -1.23145927e+02 -9.74514454e+01\n",
      "  -4.72821740e+01 -1.21473356e+02 -7.24044395e+01 -1.45670473e+02\n",
      "  -6.73654386e+01 -4.30823262e+01 -1.01061831e+04]]\n",
      "Hb:\n",
      "[[148.98463044]\n",
      " [ 94.42998248]\n",
      " [ 50.71532607]\n",
      " [132.91150458]]\n",
      "Al:\n",
      "[[ 0.21518937]\n",
      " [ 0.02889492]\n",
      " [ 0.29915856]\n",
      " [ 0.27423369]\n",
      " [-0.06296805]\n",
      " [-0.06139849]\n",
      " [-0.38962486]\n",
      " [-0.0313488 ]\n",
      " [-0.08573701]\n",
      " [ 0.16741038]\n",
      " [-0.22999203]\n",
      " [ 0.34640867]\n",
      " [ 0.00132438]\n",
      " [-0.0712313 ]\n",
      " [-0.13243813]]\n",
      "b:\n",
      "[[-1.48984630e+02]\n",
      " [-9.44299825e+01]\n",
      " [-5.07153261e+01]\n",
      " [-1.32911505e+02]\n",
      " [-2.15189366e-01]\n",
      " [-2.88949198e-02]\n",
      " [-2.99158564e-01]\n",
      " [-2.74233689e-01]\n",
      " [ 6.29680462e-02]\n",
      " [ 6.13984865e-02]\n",
      " [ 3.89624859e-01]\n",
      " [ 3.13487984e-02]\n",
      " [ 8.57370055e-02]\n",
      " [-1.67410380e-01]\n",
      " [ 2.29992027e-01]\n",
      " [-3.46408672e-01]\n",
      " [-1.32438193e-03]\n",
      " [ 7.12312991e-02]\n",
      " [ 1.32438130e-01]]\n",
      "sol:\n",
      "[-1.45360308e-02 -9.02850418e-03 -4.66061831e-03 -1.29627238e-02\n",
      "  2.10455223e-05  2.97070328e-06  2.98449635e-05  2.76378299e-05\n",
      " -6.12279761e-06 -7.00310997e-06 -3.97144732e-05 -3.80336136e-06\n",
      " -7.78905486e-06  1.67086458e-05 -2.41675776e-05  3.34908944e-05\n",
      "  2.00913724e-08 -6.77421172e-06 -1.39599425e-05]\n",
      "delta x:\n",
      "[ 0.          1.         -0.01453603 -0.0090285   0.         -0.00466062\n",
      " -0.01296272  0.          0.          0.        ]\n",
      "delta y:\n",
      "[-2.10455223e-05 -2.97070328e-06 -2.98449635e-05 -2.76378299e-05\n",
      "  6.12279761e-06  7.00310997e-06  3.97144732e-05  3.80336136e-06\n",
      "  7.78905486e-06 -1.67086458e-05  2.41675776e-05 -3.34908944e-05\n",
      " -2.00913724e-08  6.77421172e-06  1.39599425e-05]\n",
      "delta z:\n",
      "[   21.09786267 10067.29678957     0.             0.\n",
      "    68.80672434     0.             0.            94.25118288\n",
      "    79.18892861   147.53736982]\n",
      "min_mask: [False False  True  True False  True  True False False False]\n",
      "x: [-8.43027176e-06  4.46890632e-05 -4.70499200e-05 -3.76387498e-05] q: [8.43027176e-06 0.00000000e+00 4.70499200e-05 3.76387498e-05]\n",
      "to_min:\n",
      "[       inf        inf 0.         0.00494977        inf 0.\n",
      " 0.                inf        inf        inf]\n",
      "alpha = min ( opt: [-0.]; max: 0.0);\n",
      "Step size is zero\n",
      "NoneType: None\n"
     ]
    },
    {
     "ename": "Exception",
     "evalue": "Step size is zero",
     "output_type": "error",
     "traceback": [
      "\u001b[0;31m---------------------------------------------------------------------------\u001b[0m",
      "\u001b[0;31mException\u001b[0m                                 Traceback (most recent call last)",
      "\u001b[0;32m/tmp/ipykernel_4304/1492356247.py\u001b[0m in \u001b[0;36m<module>\u001b[0;34m\u001b[0m\n\u001b[1;32m     34\u001b[0m \u001b[0;34m\u001b[0m\u001b[0m\n\u001b[1;32m     35\u001b[0m \u001b[0mqp\u001b[0m\u001b[0;34m.\u001b[0m\u001b[0mset_initial_solution_from_basis\u001b[0m\u001b[0;34m(\u001b[0m\u001b[0;34m)\u001b[0m\u001b[0;34m\u001b[0m\u001b[0;34m\u001b[0m\u001b[0m\n\u001b[0;32m---> 36\u001b[0;31m \u001b[0mprint\u001b[0m\u001b[0;34m(\u001b[0m\u001b[0mqp\u001b[0m\u001b[0;34m.\u001b[0m\u001b[0mgeneral_active_set\u001b[0m\u001b[0;34m(\u001b[0m\u001b[0;34m)\u001b[0m\u001b[0;34m)\u001b[0m\u001b[0;34m\u001b[0m\u001b[0;34m\u001b[0m\u001b[0m\n\u001b[0m",
      "\u001b[0;32m/mnt/c/Users/David/Desktop/CM/Project/CM_Project/active_set.py\u001b[0m in \u001b[0;36mgeneral_active_set\u001b[0;34m(self)\u001b[0m\n\u001b[1;32m    225\u001b[0m             \u001b[0mself\u001b[0m\u001b[0;34m.\u001b[0m\u001b[0mtest_primal_feasible\u001b[0m\u001b[0;34m(\u001b[0m\u001b[0;34m)\u001b[0m\u001b[0;34m\u001b[0m\u001b[0;34m\u001b[0m\u001b[0m\n\u001b[1;32m    226\u001b[0m             \u001b[0mself\u001b[0m\u001b[0;34m.\u001b[0m\u001b[0mlogger\u001b[0m\u001b[0;34m.\u001b[0m\u001b[0minfo\u001b[0m\u001b[0;34m(\u001b[0m\u001b[0;34mf\"The current set of variables is feasible for a Primal algorithm\"\u001b[0m\u001b[0;34m)\u001b[0m\u001b[0;34m\u001b[0m\u001b[0;34m\u001b[0m\u001b[0m\n\u001b[0;32m--> 227\u001b[0;31m             \u001b[0mself\u001b[0m\u001b[0;34m.\u001b[0m\u001b[0mprimal_active_set\u001b[0m\u001b[0;34m(\u001b[0m\u001b[0;34m)\u001b[0m\u001b[0;34m\u001b[0m\u001b[0;34m\u001b[0m\u001b[0m\n\u001b[0m\u001b[1;32m    228\u001b[0m             \u001b[0;32mreturn\u001b[0m \u001b[0;32mTrue\u001b[0m\u001b[0;34m\u001b[0m\u001b[0;34m\u001b[0m\u001b[0m\n\u001b[1;32m    229\u001b[0m         \u001b[0;32mexcept\u001b[0m \u001b[0mAssertionError\u001b[0m \u001b[0;32mas\u001b[0m \u001b[0merr\u001b[0m\u001b[0;34m:\u001b[0m\u001b[0;34m\u001b[0m\u001b[0;34m\u001b[0m\u001b[0m\n",
      "\u001b[0;32m/mnt/c/Users/David/Desktop/CM/Project/CM_Project/active_set.py\u001b[0m in \u001b[0;36mprimal_active_set\u001b[0;34m(self)\u001b[0m\n\u001b[1;32m    322\u001b[0m             \u001b[0ml\u001b[0m \u001b[0;34m=\u001b[0m \u001b[0ml_list\u001b[0m\u001b[0;34m[\u001b[0m\u001b[0;36m0\u001b[0m\u001b[0;34m]\u001b[0m\u001b[0;34m\u001b[0m\u001b[0;34m\u001b[0m\u001b[0m\n\u001b[1;32m    323\u001b[0m             \u001b[0mself\u001b[0m\u001b[0;34m.\u001b[0m\u001b[0mN\u001b[0m\u001b[0;34m[\u001b[0m\u001b[0ml\u001b[0m\u001b[0;34m]\u001b[0m \u001b[0;34m=\u001b[0m \u001b[0;32mFalse\u001b[0m  \u001b[0;31m# prendo il primo elemento di l e lo levo da N.\u001b[0m\u001b[0;34m\u001b[0m\u001b[0;34m\u001b[0m\u001b[0m\n\u001b[0;32m--> 324\u001b[0;31m             \u001b[0mself\u001b[0m\u001b[0;34m.\u001b[0m\u001b[0mprimal_base\u001b[0m\u001b[0;34m(\u001b[0m\u001b[0ml\u001b[0m\u001b[0;34m)\u001b[0m\u001b[0;34m\u001b[0m\u001b[0;34m\u001b[0m\u001b[0m\n\u001b[0m\u001b[1;32m    325\u001b[0m             \u001b[0mself\u001b[0m\u001b[0;34m.\u001b[0m\u001b[0mreset_deltas\u001b[0m\u001b[0;34m(\u001b[0m\u001b[0;34m)\u001b[0m\u001b[0;34m\u001b[0m\u001b[0;34m\u001b[0m\u001b[0m\n\u001b[1;32m    326\u001b[0m             \u001b[0;32mwhile\u001b[0m \u001b[0;34m(\u001b[0m\u001b[0mself\u001b[0m\u001b[0;34m.\u001b[0m\u001b[0mz\u001b[0m\u001b[0;34m[\u001b[0m\u001b[0ml\u001b[0m\u001b[0;34m]\u001b[0m \u001b[0;34m+\u001b[0m \u001b[0mself\u001b[0m\u001b[0;34m.\u001b[0m\u001b[0mr\u001b[0m\u001b[0;34m[\u001b[0m\u001b[0ml\u001b[0m\u001b[0;34m]\u001b[0m\u001b[0;34m)\u001b[0m \u001b[0;34m<\u001b[0m \u001b[0;36m0\u001b[0m\u001b[0;34m:\u001b[0m\u001b[0;34m\u001b[0m\u001b[0;34m\u001b[0m\u001b[0m\n",
      "\u001b[0;32m/mnt/c/Users/David/Desktop/CM/Project/CM_Project/active_set.py\u001b[0m in \u001b[0;36mprimal_base\u001b[0;34m(self, l)\u001b[0m\n\u001b[1;32m    398\u001b[0m         \u001b[0;32mif\u001b[0m \u001b[0mnp\u001b[0m\u001b[0;34m.\u001b[0m\u001b[0misclose\u001b[0m\u001b[0;34m(\u001b[0m\u001b[0malpha\u001b[0m\u001b[0;34m,\u001b[0m \u001b[0;36m0\u001b[0m\u001b[0;34m,\u001b[0m \u001b[0mrtol\u001b[0m\u001b[0;34m=\u001b[0m\u001b[0mself\u001b[0m\u001b[0;34m.\u001b[0m\u001b[0mtol\u001b[0m\u001b[0;34m)\u001b[0m\u001b[0;34m:\u001b[0m\u001b[0;34m\u001b[0m\u001b[0;34m\u001b[0m\u001b[0m\n\u001b[1;32m    399\u001b[0m             \u001b[0mself\u001b[0m\u001b[0;34m.\u001b[0m\u001b[0mlogger\u001b[0m\u001b[0;34m.\u001b[0m\u001b[0mexception\u001b[0m\u001b[0;34m(\u001b[0m\u001b[0;34mf\"Step size is zero\"\u001b[0m\u001b[0;34m)\u001b[0m\u001b[0;34m\u001b[0m\u001b[0;34m\u001b[0m\u001b[0m\n\u001b[0;32m--> 400\u001b[0;31m             \u001b[0;32mraise\u001b[0m \u001b[0mException\u001b[0m\u001b[0;34m(\u001b[0m\u001b[0;34m\"Step size is zero\"\u001b[0m\u001b[0;34m)\u001b[0m\u001b[0;34m\u001b[0m\u001b[0;34m\u001b[0m\u001b[0m\n\u001b[0m\u001b[1;32m    401\u001b[0m \u001b[0;34m\u001b[0m\u001b[0m\n\u001b[1;32m    402\u001b[0m         \u001b[0mself\u001b[0m\u001b[0;34m.\u001b[0m\u001b[0mx\u001b[0m\u001b[0;34m[\u001b[0m\u001b[0ml\u001b[0m\u001b[0;34m]\u001b[0m \u001b[0;34m+=\u001b[0m \u001b[0malpha\u001b[0m \u001b[0;34m*\u001b[0m \u001b[0mself\u001b[0m\u001b[0;34m.\u001b[0m\u001b[0mdx\u001b[0m\u001b[0;34m[\u001b[0m\u001b[0ml\u001b[0m\u001b[0;34m]\u001b[0m\u001b[0;34m\u001b[0m\u001b[0;34m\u001b[0m\u001b[0m\n",
      "\u001b[0;31mException\u001b[0m: Step size is zero"
     ]
    }
   ],
   "source": [
    "# ignore comments i was trying to check our solution against cvxopt\n",
    "# before noticing issues here (M=0 seems to be problematic as well for other reasons)\n",
    "n, m = 10, 15\n",
    "np.random.seed(0)\n",
    "\n",
    "# constraints\n",
    "A = -0.5 + np.random.rand(m, n)\n",
    "b = -0.5 + np.random.rand(m)\n",
    "\n",
    "# H is P in .qp (positive semidefinite symmetric)\n",
    "H = 100*np.eye(n) + np.random.rand(n, n)\n",
    "H = H @ H.T\n",
    "\n",
    "# c is q in .qp\n",
    "c = -0.5 + np.random.rand(n)\n",
    "\n",
    "# zero in .qp\n",
    "M = 100*np.eye(m) + np.random.rand(m, m)\n",
    "M = M @ M.T\n",
    "# M = np.zeros((m, m))\n",
    "\n",
    "# q is h in .qp\n",
    "# q = -0.5 + np.random.rand(n)\n",
    "\n",
    "if qp is not None:\n",
    "    # loggers keep stacking (workaround)\n",
    "    for handler in qp.logger.handlers[:]:\n",
    "        qp.logger.removeHandler(handler)\n",
    "qp = quadratic_problem(A, b, c, H, M, verbose = True)\n",
    "\n",
    "B = -0.5 + np.random.rand(n) > 0\n",
    "N = ~B\n",
    "\n",
    "qp.set_initial_active_set(B, N)\n",
    "\n",
    "qp.set_initial_solution_from_basis()\n",
    "\n",
    "print(qp.general_active_set())"
   ]
  },
  {
   "cell_type": "code",
   "execution_count": null,
   "id": "6a829574-5a95-4c54-9a5f-bc7fe024b483",
   "metadata": {},
   "outputs": [],
   "source": [
    "# loggers keep stacking (workaround)\n",
    "for handler in qp.logger.handlers[:]:\n",
    "    qp.logger.removeHandler(handler)"
   ]
  },
  {
   "cell_type": "raw",
   "id": "d94c8129-3636-44ed-9ee6-722d9dee0b17",
   "metadata": {},
   "source": [
    "G = -np.eye(n) # (Gx <= h) == (-x <= h) == (x >= -h) -> # q is h"
   ]
  }
 ],
 "metadata": {
  "kernelspec": {
   "display_name": "Python 3 (ipykernel)",
   "language": "python",
   "name": "python3"
  },
  "language_info": {
   "codemirror_mode": {
    "name": "ipython",
    "version": 3
   },
   "file_extension": ".py",
   "mimetype": "text/x-python",
   "name": "python",
   "nbconvert_exporter": "python",
   "pygments_lexer": "ipython3",
   "version": "3.8.11"
  }
 },
 "nbformat": 4,
 "nbformat_minor": 5
}
